844474920
897858836
802317725
809088242
805265913
828367233
821973128
785517555
798630710
763704412
860786234
896073207
818316140
855865730
879609505
867937672
839645491
735810158
754420366
840156557
871220586
831572250
865084664
843598611
773117603
742447622
723452976
802644876
834162725
869089679
826786994
888977835
849780803
863213011
782655808
777000280
770852556
775352299
844526792
719226969
790833803
799823841
779477290
846463415
851475009
847036320
769807066
783823615
858905348
856587148
879634898
796169242
772852084
727315101
816168889
818351633
874889067
787479081
818329364
799561709
856077407
876179375
820873949
840654807
839352766
722041240
863016611