844474920
897858836
717720270
802317725
809088242
805265913
810462426
821973128
785517555
798630710
875027967
791141719
763704412
849782630
860786234
896073207
818316140
855865730
879609505
867937672
839645491
818591601
771063007
793157386
735810158
840156557
865054828
855844555
806576627
802572920
839321874
831712928
839995277
871220586
831572250
750368862
865084664
843598611
773117603
723452976
777924235
802644876
834162725
789079597
826786994
888977835
833674296
863213011
716970577
782655808
777000280
818329344
788713969
770852556
844526792
719226969
790833803
799823841
808441435
846463415
803586969
851475009
847036320
764432895
769807066
783823615
858905348
856587148
879634898
742443058
858343761
849269039
865795038
772852084
727315101
833937466
895736147
874889067
781161308
787479081
818329364
867311172
799561709
818349532
856077407
876179375
780972983
839352766
722041240
863016611
887372941